-19
-28
-12
13
3
5
-6
-10
-5
-29
12
45
-25
7
0
-12
-47
-28
-28
-6
-24
27
38
13
-28
-20
0
-48
31
-39
-10
-33
20
27
-6
-12
-49
3
11
-11
-20
-23
18
-12
-8
-21
15
18
-7
-13
-35
-16
-2
36
33
2
-3
-14
16
-12
-23
6
16
36
-13
12
-25
11
-2
-30
-26
-31
29
8
5
5
23
-19
-27
-23
-28
1
29
6
-4
29
-21
2
-5
33
-15
30
-7
25
-11
-23
-5
-26
-16
3
16
14
-25
-25
12
-2
-31
-22
-17
-7
-7
7
-7
31
3
-57
-17
-3
-31
-35
-37
7
-36
51
19
49
-20
-8
37
9
-10
-43
13
11
-46
23
1
-4
23
1
9
3
-7
-15
-35
-14
5
-15
2
19
-16
17
19
48
33
26
-21
12
-41
4
17
3
69
3
33
5
21
-44
49
9
5
4
16
43
-25
-33
8
-21
-1
46
17
7
12
-3
-8
11
1
-1
-2
8
-14
-17
-1
-76
-13
-42
9
31
-12
-5
-14
-27
8
11
-9
-4
8
19
-7
37
-24
-11
-16
-10
-17
7
39
-20
14
4
-19
24
-39
-7
-23
-35
-5
22
-21
-54
24
15
30
-10
14
-53
-14
-39
29
-25
-19
-10
21
12
9
-13
-5
-28
17
3
42
-10
6
-19
15
16
27
-38
-4
4
-13
6
-29
-7
-22
57
59
1
13
-1
25
5
-13
42
-33
5
42
-42
4
-10
74
18
2
8
-27
12
10
39
14
-16
-17
-30
24
-25
20
-36
20
19
-22
-39
-5
-1
48
12
8
-5
18
-25
30
15
-23
-12
-7
5
9
28
8
-37
12
10
8
8
-3
-8
7
-37
3
-66
-9
-25
35
6
-2
-15
41
30
-13
20
41
-1
-31
4
28
-44
2
-49
-13
55
-17
38
37
-45
-34
17
42
57
-50
52
-2
38
-27
13
0
55
-8
9
-9
-48
41
-29
30
20
-7
-7
-23
-39
51
-48
24
26
-6
-17
-38
34
3
9
-40
34
24
55
15
-49
-51
15
16
40
-10
2
-21
66
2
-10
11
9
10
16
-6
1
-9
25
9
0
45
10
-8
10
-9
-31
-2
-51
60
-11
0
47
-37
-26
10
8
49
-30
-17
35
-19
5
24
-31
41
-28
3
-19
-16
-9
11
35
2
-46
59
13
-37
37
-31
2
3
13
-29
27
17
-20
1
12
37
16
7
52
-3
53
12
25
16
8
-18
-14
38
-6
46
-43
-30
-5
38
-15
31
-11
-22
-28
1
2
-27
-2
28
-23
-33
-9
13
7
31
1
3
-7
18
18
49
11
-36
6
-63
-22
0
34
-5
12
2
15
41
7
-4
-27
3
-33
-17
-34
16
21
31
77
-23
17
1
46
12
11
16
25
-41
-20
7
50
-33
-76
-10
-7
52
26
47
39
10
-47
-1
58
-5
7
-9
6
-38
-32
-32
-17
5
30
-66
22
-66
-2
20
-29
-5
20
32
6
11
16
-50
32
-22
5
13
71
-11
58
-9
-2
49
-26
29
21
-20
0
13
9
43
-49
9
-14
1
-18
9
42
8
9
-19
13
21
-54
-2
-2
-36
-30
3
-26
-41
-23
13
22
-8
9
-35
45
-14
0
-19
16
30
-32
-4
-3
39
-18
-5
-14
19
-9
4
18
-9
9
-15
16
24
2
-29
-64
-33
-17
-31
40
-3
-20
-49
47
-65
28
-13
-24
-6
26
10
-10
31
63
-17
12
-7
2
-2
22
-6
3
29
3
1
-35
11
19
46
89
23
103
77
26
21
75
31
-26
-8
-39
-66
-93
-63
4
-55
-26
-25
-12
-30
22
-32
14
-43
-8
15
-11
-14
-2
-22
26
-43
-19
25
-3
-3
18
-6
-19
14
-33
-10
-27
0
1
43
-5
-11
-27
23
-21
-14
-7
6
-2
-10
-20
31
15
13
19
0
-44
25
12
-10
12
-35
-29
30
-41
7
1
-6
3
49
-16
16
-21
-24
-20
11
10
-9
-6
-11
22
-35
0
-8
-19
13
-4
-24
13
27
-4
25
-47
62
11
-17
-9
5
-9
25
4
-19
24
8
8
35
-7
-5
-26
28
-6
-10
-31
23
-1
-4
-6
-6
-1
9
2
31
22
-34
-4
16
17
19
-35
2
-20
26
25
51
-10
-30
-5
38
29
1
-4
-22
61
-15
-13
8
14
-29
6
26
16
-9
15
-44
-25
18
-16
45
-21
23
37
-9
50
-1
29
5
10
4
-13
54
-12
2
27
41
-6
-58
25
43
-5
-13
-6
-39
30
-46
-33
13
-40
35
-10
-12
-17
-2
19
11
-27
26
21
-37
-37
21
-14
-16
25
0
6
-5
-3
32
13
40
1
1
-55
-23
5
15
-15
-18
-1
-13
-18
33
-15
-61
18
-70
-1
-15
41
1
-4
31
-51
21
-4
26
6
-36
-22
7
-7
38
38
32
-62
2
-26
-6
32
-7
-9
7
-31
9
1
4
20
-20
-12
-20
-8
2
10
-18
-44
13
-24
25
14
-8
15
-3
-45
20
-24
17
15
32
-58
1
40
-29
28
-22
-33
-65
-39
13
-30
4
-2
6
-12
11
-9
15
-23
40
31
-18
18
2
29
-33
-15
5
47
22
48
-11
15
-26
48
3
-15
-61
19
-19
6
-54
3
9
24
10
1
2
-15
51
-37
35
-21
-23
-18
21
1
-35
19
13
0
-33
-19
40
0
-35
20
61
-18
35
26
18
27
-14
2
52
37
1
-39
-11
10
31
17
18
-38
-30
25
10
-9
-27
10
-43
-19
4
31
18
-43
-11
0
-7
1
-10
8
25
4
-14
42
-19
2
-14
-27
-15
2
-11
10
5
23
-18
5
-32
55
0
22
-12
22
-12
-20
18
-25
91
-13
40
41
26
26
-23
23
-18
11
23
25
-34
45
-18
-22
-4
-8
-24
29
-47
20
10
19
-59
6
-28
19
-5
11
5
-54
28
-39
-25
15
19
41
9
-4
-34
35
31
-3
7
-53
38
-40
-18
2
12
-30
19
-27
-54
17
-4
-12
-27
-25
20
-45
-35
42
31
-59
1
19
30
-3
-7
-21
-33
52
-29
-43
-37
3
-33
-7
6
3
0
11
-6
-5
1
-25
-21
28
-26
5
2
9
21
-23
-11
7
-3
-16
7
7
1
-2
-12
26
41
4
-8
15
-19
-13
-25
9
6
-29
-14
-5
-50
17
-16
36
32
-7
14
-12
39
4
-2
0
23
-6
40
16
10
17
8
-90
37
26
-2
6
3
-30
19
26
-4
20
-2
25
-4
-19
31
-33
-33
5
-8
-25
-26
-16
36
-14
-36
-1
3
-31
51
4
25
17
28
-6
-51
-44
14
-5
25
-8
3
40
9
46
-8
47
-14
-19
7
16
-20
-14
-55
33
-24
0
22
-40
8
-27
-27
-4
-54
48
-2
7
-5
-20
-10
47
24
1
53
10
14
-29
-34
14
9
20
31
2
-43
-26
-16
-58
-42
10
1
-21
-10
26
-23
-15
-21
-41
-39
10
-16
15
49
7
26
32
38
6
25
11
16
24
-8
-13
-5
-15
-14
30
8
25
-9
-23
-49
-10
18
0
-17
37
-13
31
7
29
26
67
-20
-17
-16
32
9
7
32
-27
-16
24
-17
7
0
-4
-7
3
9
2
2
-6
-7
-13
-4
-39
-4
42
-28
2
-34
-9
29
29
-11
-3
-10
9
6
1
2
1
15
5
20
-47
2
42
19
-8
5
-56
-25
-1
6
24
-1
-18
11
-34
-29
-6
9
-16
19
-32
3
-50
-9
-27
-46
8
11
11
12
-25
-13
-41
12
-10
-23
-27
3
-22
36
-29
27
-37
-32
-19
-11
1
-9
41
-25
9
13
-24
-57
24
-11
-42
15
-32
27
-13
-15
-7
16
-8
16
38
6
35
22
-21
-31
12
41
19
14
-19
-35
-23
81
18
5
31
36
12
32
-2
24
16
-31
-2
27
11
13
57
18
30
39
-10
-32
-62
47
30
39
1
-14
6
17
13
30
5
5
57
-2
6
45
7
32
-26
48
-22
-4
-64
-35
9
-16
27
-19
-9
-13
5
22
16
-25
2
0
0
63
-48
45
-25
45
31
35
-28
-18
-43
-28
-49
-15
11
-11
42
-24
-4
9
-31
-8
14
-56
-10
-24
50
36
-13
-22
16
-25
-8
-20
5
10
-29
0
-68
-38
41
-21
15
5
-11
-27
-10
-30
26
40
-9
-21
-9
1
-21
14
7
-83
-14
-9
-17
32
8
-52
-1
11
31
-14
-24
-35
-46
1
-33
14
-11
27
-34
-12
14
-41
-6
-8
56
-10
14
38
14
9
30
61
19
14
-56
-3
-1
-13
32
32
-25
2
-72
-22
7
-9
63
-25
65
16
4
28
-17
-10
-4
12
13
-27
30
21
-10
-12
12
-50
-3
-3
-5
4
39
-13
-29
9
16
37
10
13
33
-20
11
9
31
-11
-5
30
10
0
-27
-8
7
-28
6
-18
23
-23
7
34
-12
-31
54
16
12
14
19
-20
15
-10
-39
48
-7
24
37
6
-44
3
35
-18
17
-19
20
-8
-4
-21
-16
26
-1
41
19
41
38
-30
-25
-3
2
5
28
-17
-3
-25
0
8
-22
-53
-4
34
-11
10
2
-45
-47
18
-3
-9
1
11
-25
25
-24
14
-50
-6
19
30
-5
27
1
-43
-5
-18
9
13
17
-42
-1
-4
-39
-21
-26
-1
3
-16
10
3
-55
-9
-57
25
-61
17
-15
-14
12
4
-15
24
-12
2
-15
24
15
16
-29
-26
-44
0
28
-2
-25
29
5
-10
-16
9
4
5
-5
11
-16
32
-18
15
55
23
40
-24
1
65
-3
-1
-18
33
-7
-29
-1
-39
-9
29
-1
-12
1
43
-26
21
-1
-7
8
13
17
-3
11
22
3
31
6
15
-39
-10
10
63
-13
-4
8
30
25
8
9
-18
-8
-5
-30
14
-11
11
-43
17
3
18
-31
42
32
40
42
-30
20
-3
-12
4
-36
8
7
-38
45
43
-24
0
1
17
22
-3
-14
19
18
16
18
19
8
-4
-24
-43
-8
-4
55
28
-31
-37
5
-34
-19
-1
0
-18
6
-43
34
-1
-7
-19
25
-2
-3
19
3
1
-10
-7
4
-17
72
32
-12
7
-20
-39
14
-1
22
-20
-29
-13
11
10
2
-16
11
-13
30
21
1
1
-4
-21
25
11
-7
-14
6
17
11
13
20
-40
-7
11
-19
-20
0
-46
-12
-30
-18
32
-26
-9
23
-5
53
-26
-6
-9
39
-28
-10
-15
-19
13
-24
-32
2
-29
31
-34
1
16
-12
14
36
-11
-28
-9
-39
-27
3
23
15
-32
-14
-4
-24
-14
18
19
-1
21
6
26
11
18
11
-28
6
-19
-3
-34
18
68
28
4
9
-50
-3
5
25
2
14
-18
29
12
56
10
-37
24
-22
38
22
-19
-2
12
-17
-23
-9
4
49
-42
-18
-15
-29
12
21
5
2
33
-34
26
-21
43
-14
36
-8
23
15
-29
0
-15
0
-5
34
33
7
36
-5
-9
-5
-45
11
-47
20
-4
18
40
-55
-13
-24
-20
-5
7
9
-8
-13
-32
-17
41
1
29
-10
21
-42
-29
-1
16
43
41
-48
-54
-9
16
-18
-29
23
32
35
-18
-34
29
-4
-23
-5
4
6
-27
9
-45
-21
-27
17
63
-9
29
-16
3
3
39
4
52
-4
-46
-20
32
-24
-23
19
46
-9
-56
-48
-34
-15
-1
-10
40
-4
27
25
-23
2
28
-21
-47
-50
2
-21
30
-4
7
34
16
-8
18
-47
-7
-21
-1
23
-24
13
-48
54
38
0
-7
-38
-6
-33
18
2
44
-14
2
36
0
-2
-17
-2
-64
14
-38
25
36
-4
9
-44
55
44
30
-10
23
-8
40
-8
24
12
-11
0
9
-22
-26
-22
-46
5
4
-7
17
-21
1
-21
-23
-16
15
-7
-5
15
-9
5
44
28
-8
21
-4
23
14
5
32
-10
-5
-24
-11
4
12
-12
-41
11
-11
1
-7
24
46
9
-27
-3
38
-10
-2
10
37
14
-78
-13
11
20
-27
-17
8
-17
30
-40
-14
35
-22
-8
17
-21
5
13
-7
6
3
-10
24
28
31
-17
63
-12
-8
-26
-2
46
29
-58
38
-16
-15
-29
31
-52
-47
26
-2
34
13
-66
-14
4
2
0
-52
-18
44
18
-48
-24
23
-28
16
32
0
22
-2
25
-8
61
47
14
51
-3
-9
40
-22
-57
35
19
-3
-64
-56
19
-19
13
-50
35
30
32
15
-24
52
21
20
8
3
2
-17
35
2
23
-11
26
-2
-11
15
-24
21
-8
-18
-25
27
18
-1
-42
17
-42
-3
-26
27
7
18
-1
-32
-63
2
-4
11
0
30
8
30
-47
47
-27
-12
1
-12
13
-2
-34
8
48
-17
-3
13
9
16
28
23
-15
-32
7
0
47
-4
14
25
19
22
12
-50
29
-10
63
-7
24
12
-30
0
-21
-30
-1
9
20
52
-2
56
4
-24
9
13
6
-3
43
45
9
40
1
-1
15
-42
11
4
59
12
-15
-15
-10
-13
-54
-18
-6
5
-38
38
8
-1
-3
18
-1
23
6
-24
-23
-20
11
-48
-3
-2
-57
13
19
-15
-43
-14
43
15
10
21
16
-16
-18
-12
28
-32
-6
-19
31
-13
4
17
13
-3
22
6
-18
-22
50
6
46
19
16
1
-21
28
14
16
9
-50
-39
45
47
-14
-1
-15
-27
-19
23
36
0
20
2
-21
29
22
53
26
-37
-3
7
24
29
46
-26
35
42
5
24
-77
5
-34
-4
-2
25
45
2
-44
3
-14
-1
25
-27
16
14
11
-7
19
-17
8
8
-10
24
32
-46
-1
-38
40
2
-18
-17
8
-30
10
2
-55
-24
11
-19
-15
-21
-39
13
-33
16
-21
-3
-27
15
-3
-7
-34
27
-8
-32
-9
-18
-7
-26
-5
-51
42
-28
-11
7
21
-9
8
33
1
13
-15
47
4
2
8
-26
34
12
33
-55
-15
3
17
9
-2
32
11
-12
-4
-45
20
13
-36
61
2
45
2
-6
29
6
25
32
-29
-51
-5
13
29
-8
16
17
-8
-17
31
30
-15
-40
-20
26
-5
14
1
-20
-1
39
60
-46
47
53
14
5
16
57
-23
36
-8
-31
34
14
11
-47
5
5
-35
19
0
-37
18
-31
3
25
21
-11
-12
36
-18
11
40
17
-35
21
-20
-1
-23
-11
38
-4
15
26
43
-3
15
17
-23
10
-11
9
-20
-2
-26
-21
25
-22
-19
25
-6
-21
22
30
-51
-25
-13
-15
9
2
11
33
-18
-14
-9
16
16
-4
-21
-6
23
-23
-11
1
-50
-36
29
27
-17
23
-9
46
44
-47
-8
24
12
26
-3
35
-29
2
18
30
-32
-3
-16
19
-5
-7
46
-10
-7
10
-16
3
19
-28
24
-10
6
-24
23
-47
0
-23
-12
-8
-8
-29
-12
-25
21
7
-71
-30
-31
2
-27
27
27
-23
-19
14
17
-9
13
-30
17
-23
18
-4
-17
30
2
16
-27
19
18
-25
12
-27
47
-38
8
1
42
-14
-15
20
15
-15
-44
-19
-25
36
-14
-13
-6
22
-44
-24
-7
0
23
-28
31
-51
-40
19
-34
-48
30
-6
-46
44
-3
-26
-22
-38
-42
-17
21
-35
-18
-5
-21
8
-8
-1
13
63
38
-46
19
-27
-1
-39
20
13
15
-2
26
37
7
4
7
10
-47
4
37
22
30
15
14
-22
-7
19
-9
14
0
51
-24
-15
-2
7
17
-16
6
-12
-16
-14
26
36
-17
-13
-16
12
-26
31
5
-2
33
18
3
30
19
8
34
-18
-18
10
-51
-13
13
2
2
-13
38
1
2
-20
30
-12
-5
-21
19
-48
16
20
33
26
20
8
-22
16
-10
59
-25
-46
-8
-28
7
18
1
-5
-12
-9
-16
-52
-38
31
2
19
25
0
-28
-27
-4
19
-31
5
-36
5
-13
2
12
-11
27
-10
35
-30
-37
0
-28
4
9
-40
20
8
18
-16
38
-4
-5
-2
33
52
2
27
-44
15
-33
47
17
-14
-15
81
-4
-18
-10
1
-5
10
-21
16
-28
7
-31
-44
-33
2
-27
25
-24
-15
12
38
20
18
-12
-17
-15
27
34
10
-7
-28
18
-21
6
-21
-7
3
20
0
15
-2
-27
8
29
6
-10
13
-36
-20
33
-17
41
37
29
-31
2
25
2
9
11
-19
25
20
14
-18
-19
-20
-33
-9
-17
-33
-43
14
-13
-17
-67
48
1
9
15
24
-17
-1
22
4
-8
27
41
-30
3
88
-4
3
-6
-35
21
71
-13
-15
14
-27
0
-2
31
-24
6
-5
-6
11
16
29
-63
10
-25
-9
19
-9
-10
-14
-20
-7
37
-14
-13
42
-10
-11
-37
28
-30
-20
30
-17
16
-30
0
21
34
19
15
-5
-48
-7
5
2
-14
47
6
31
-56
17
6
3
-37
2
-1
-4
-4
-16
66
-34
2
43
31
-19
-36
-9
39
15
-9
-48
0
36
27
15
16
3
-15
11
-7
-10
3
-13
20
-39
-39
-36
15
-40
-32
-16
19
-13
38
12
-14
-22
-20
13
-11
-18
-32
-16
-11
-3
3
-17
1
1
-30
11
-28
-33
11
-2
36
3
21
0
-17
-9
-25
17
32
-6
-2
28
-7
-39
-31
23
-28
-41
9
15
3
18
19
-12
-6
-17
39
10
-12
-8
-9
27
0
30
0
-8
-9
2
3
30
-17
21
5
-19
8
5
-19
-12
-17
-24
35
2
15
41
-15
-2
29
1
-62
-25
-22
16
11
31
-18
-20
8
-15
29
-14
-32
2
2
2
9
-3
-53
-4
47
-27
-10
-82
55
-6
3
0
-34
30
29
-18
-23
44
33
28
18
-37
-5
-2
-22
-13
24
28
18
-4
8
-32
-14
-44
33
8
36
28
-2
-43
-38
36
26
2
-3
-47
11
42
5
-12
5
-24
14
5
25
-36
-16
0
11
5
-10
-9
65
-7
29
-1
22
25
5
26
7
1
-21
5
8
23
-5
-7
11
9
9
28
15
-39
-2
-6
28
42
9
21
-17
-51
-32
28
-8
-22
-27
3
-19
45
14
2
-10
5
24
-5
8
9
26
-7
28
21
22
-12
15
-1
-15
-4
-4
-10
-19
8
-29
36
-15
18
-25
28
6
-19
41
-8
-65
37
16
45
-33
45
-40
-35
-4
16
11
19
18
17
-12
-54
-2
15
41
-37
10
-4
-9
-25
54
82
24
-9
-43
-19
14
11
3
4
11
-74
-58
-5
-11
0
-52
28
-7
-44
30
-18
41
-17
-2
35
-25
-40
-13
-26
-23
9
-25
-25
27
26
10
-21
8
-16
3
-12
-17
10
-8
46
-16
40
53
-5
39
9
-12
-25
23
-5
4
-36
7
28
7
-12
-36
38
2
13
10
22
7
-29
-5
22
3
25
22
38
7
-33
91
1
-37
-29
3
-3
7
-42
-52
0
38
-14
31
29
-5
42
-28
48
2
10
2
23
-7
14
-41
57
1
-6
-40
-32
-19
-2
23
31
-24
18
18
7
18
24
36
-32
14
17
-29
35
-8
-10
26
-31
24
15
2
23
30
-19
37
-51
11
53
16
7
-23
49
-1
-13
0
13
9
29
-44
16
2
4
-35
2
24
11
-27
22
-44
-47
21
2
4
29
-1
-6
-34
-2
-1
14
38
3
3
-2
-22
10
-11
29
-34
-29
-3
-13
16
26
-25
-5
6
0
53
2
7
-28
-13
23
-5
36
-10
3
47
-18
-17
-30
12
-11
25
-11
-12
-21
6
24
24
33
38
-11
-61
-25
9
-45
-33
16
-15
10
-2
9
-31
-13
-12
22
-5
17
29
16
2
0
-72
17
-26
10
40
-29
31
15
14
19
-7
19
-18
21
36
40
-21
5
-42
2
-33
-18
-20
2
25
-14
-18
-23
-1
-34
12
41
14
-31
-26
-52
-28
19
24
-27
-8
0
-7
21
2
-17
18
13
-6
-1
-40
-7
3
18
69
-21
15
7
-30
24
15
-8
24
-32
-11
-60
17
26
47
-34
48
-22
-35
-47
19
11
-15
-37
20
-50
-29
41
1
-31
-13
22
-6
-19
-38
-11
-50
-23
-12
32
-20
-19
-19
11
65
30
16
-25
13
-15
-13
-4
28
81
-25
-2
30
-16
4
71
-10
39
-54
15
-42
32
-51
39
13
14
12
-27
-43
50
-39
37
-6
27
34
47
-1
-33
-13
-51
-1
27
-29
-48
-34
-19
38
21
-29
-15
-15
-11
-15
3
0
-11
14
4
-13
8
26
-19
19
-20
-47
5
-50
-20
-21
9
20
24
21
36
-22
3
14
28
0
16
30
30
-19
-22
19
-5
16
52
3
22
32
34
37
-9
26
3
14
25
9
-4
24
12
-17
-14
2
-35
24
-37
-16
19
-30
-35
-19
-35
19
-29
24
-9
-2
-6
-8
3
20
-6
2
5
-9
4
35
-12
47
45
3
-5
2
-19
-34
-26
-44
-22
-6
5
18
11
25
-12
-44
3
0
-1
-54
-6
-14
0
-3
7
32
3
-19
58
-19
7
-24
29
14
50
17
-1
11
-19
35
1
12
-7
-8
14
-43
11
-6
2
14
20
38
-19
14
51
-32
-45
12
72
-36
32
-6
3
-12
-13
-1
-5
1
-73
-6
-32
14
53
30
21
-9
4
-1
14
-17
20
-45
-21
17
23
31
-8
-25
-3
-10
2
17
31
1
30
41
-28
-43
11
-28
6
-34
-12
1
34
-11
4
-23
21
12
33
-44
-24
10
44
-5
50
-3
-26
12
16
-23
23
5
20
-9
-20
26
-19
-2
21
45
42
-11
-1
6
-17
8
-5
26
-43
7
30
3
13
6
9
-16
-10
8
-2
-32
-3
-6
2
32
-34
35
-20
-37
28
3
-30
-39
19
-24
4
13
-13
50
-17
-31
-15
10
-18
18
18
6
-32
-2
-49
-21
43
12
8
-14
-49
36
21
44
-33
-6
12
1
-24
-17
11
-23
1
15
12
-10
9
17
-58
-10
-25
10
12
-30
12
22
4
8
-42
31
-37
-32
55
13
-34
-2
18
-27
-11
-37
48
12
-24
53
7
-17
4
-55
-14
-13
11
3
0
-52
-37
-37
-6
-20
-21
-38
25
5
47
-27
36
-4
4
38
13
-36
5
-4
-20
22
-27
-16
33
2
3
10
-11
-12
-8
-5
55
37
-60
20
-8
27
-25
27
11
44
-11
-34
-28
-39
51
22
-7
21
0
-32
-5
29
62
-50
31
-42
-1
-42
26
-15
8
32
2
-11
-15
7
48
-23
7
-34
-39
-20
-2
-6
4
47
-16
-6
-12
-1
19
18
28
-23
-5
29
-14
-21
0
9
-13
-39
15
41
56
-12
31
19
32
17
-2
13
-4
50
0
26
-43
36
5
1
10
-5
23
-22
38
19
-9
-37
6
-27
5
-18
38
44
-7
40
-35
-6
29
29
16
-43
11
-19
-41
14
-25
3
-27
13
15
25
15
-47
-9
-15
39
-6
18
27
-6
-19
-3
-15
-1
-27
13
8
12
-10
-39
-25
2
-46
-10
7
-33
21
-7
-13
19
-34
10
23
13
1
8
4
-25
26
-13
6
16
-9
-11
-11
-7
-39
-33
-25
-24
-1
-11
37
-21
39
5
-10
31
17
-2
44
-25
-9
47
22
-12
-13
7
6
-14
6
34
-27
39
4
-1
6
-36
-12
-14
-8
-31
-18
-43
22
22
-16
0
10
-9
-11
27
-2
-9
-7
7
-3
-25
-10
-35
-19
33
-2
12
30
19
5
-19
-15
6
-12
-5
33
0
14
-4
47
19
21
-27
-11
33
-18
-27
12
-17
22
4
5
5
-43
10
31
-16
-3
34
28
-16
18
7
-18
0
1
-14
-75
4
-54
-6
-16
18
-25
-11
25
29
35
20
32
38
14
-25
-9
-7
-31
49
-9
-14
-32
16
-44
-2
5
-63
0
-7
-32
12
-41
41
-64
20
7
20
14
-30
-26
-4
-29
-49
-20
-5
25
-19
13
-20
-9
45
34
-9
14
-31
-2
-7
8
-7
-7
-3
3
65
23
33
12
-7
-8
-18
-25
-8
-4
-35
7
27
0
27
-2
12
-13
-6
-9
-33
-12
-15
2
13
4
20
-22
12
-32
41
29
42
24
-4
2
11
-41
-6
-16
-8
45
41
22
19
13
22
36
-33
-35
70
-4
-20
45
-8
-40
-44
-24
10
29
-16
-40
-5
-16
6
-2
42
41
-15
12
3
-7
3
-29
12
-37
-46
28
-13
1
4
-29
-10
57
-34
-53
-3
-12
-1
-38
7
-15
2
24
82
28
-7
9
-6
-3
2
-17
14
34
-4
-14
2
8
18
-1
-18
-18
29
-7
72
3
-7
-8
57
-20
21
24
23
25
-11
45
-18
11
-9
18
-7
71
-29
-12
-38
21
-26
-18
-56
11
-13
-22
-19
-10
-9
25
-39
-41
-12
33
-6
-19
-31
-2
48
3
20
1
56
-47
-20
-32
11
-18
35
-35
-43
77
-6
51
21
25
-23
-18
4
18
32
6
30
11
54
-1
20
-49
-18
20
-12
35
36
-33
27
28
-37
-8
2
10
6
23
6
15
-6
-13
56
-35
-18
2
11
-2
-9
10
50
0
-71
19
21
31
-32
-9
36
-19
37
-6
10
28
-30
-10
-2
2
7
16
8
-15
-36
-35
-12
33
7
-20
24
-58
40
2
6
20
-9
-12
-29
-3
-18
13
-32
-6
4
39
19
-30
76
-26
13
11
4
20
-24
-24
10
5
38
-6
-52
-28
22
-8
-18
-16
6
55
29
19
9
25
-6
0
-44
12
-19
-33
-9
-14
12
17
-42
11
-7
28
20
-45
24
23
-42
51
0
-17
-42
-4
5
-25
-27
0
-35
31
-23
32
-20
-11
-5
25
-26
-15
67
24
-11
40
-4
33
-19
5
-11
8
8
-18
41
-33
-49
-12
-33
9
4
33
-54
6
45
20
77
-38
-51
-8
48
-40
-23
-56
37
-2
-48
17
-19
-9
3
3
42
-27
-35
-26
-53
-42
-30
-25
-22
-12
-9
-12
-17
-32
-3
10
-32
-21
-23
-59
-34
22
-13
14
24
-15
-1
19
30
-28
20
-26
-25
-21
-6
-41
-64
-3
15
-33
15
40
19
-23
15
8
-7
22
1
8
-28
-12
-18
5
-19
-7
-18
-19
6
-4
28
-7
-1
-4
26
21
38
-38
-9
32
29
-15
-7
-3
20
49
12
-33
17
15
39
5
-33
-16
-26
41
18
8
-20
23
-1
-30
11
-47
15
24
-18
-51
-18
20
2
