23
25
17
23
-26
-24
2
10
22
14
6
-24
4
9
-45
11
-5
13
19
32
3
-34
79
9
-9
-15
3
-28
46
-34
32
14
-8
-20
4
-20
-5
-31
4
12
-38
-1
-3
0
-23
20
-18
-48
-17
43
-40
17
28
12
-7
19
0
37
9
-27
-17
7
11
-50
-4
-13
-7
-7
-38
5
31
-44
18
0
34
-17
-9
25
5
-19
-10
-6
-4
-7
-11
10
-9
-1
46
49
6
32
-11
-8
3
13
5
-23
13
45
20
-20
29
0
-18
24
2
-4
-10
8
-45
-79
-9
-19
-15
4
38
46
7
-11
5
5
-7
-31
28
-5
23
1
-4
41
19
-16
-9
-22
-6
-35
-8
-42
5
-22
-29
4
40
-16
37
-21
4
-33
8
2
-14
-26
5
17
48
38
12
-23
-17
1
10
12
-5
-14
-25
16
18
10
-10
33
24
-1
14
33
46
22
-38
-4
-9
12
17
19
0
-16
12
-25
-12
19
18
24
-81
33
23
6
4
27
28
18
14
-30
-7
15
-24
-4
15
-9
-32
-19
-2
57
-9
15
24
-41
16
15
9
10
-27
4
14
7
-18
21
46
-29
-24
33
-24
-3
3
35
15
15
-20
-39
3
9
-50
-30
4
31
1
-12
-13
9
-7
-6
18
-19
27
10
3
-3
-9
-29
-24
20
-28
43
16
12
-11
22
27
-32
-5
-4
-8
10
8
-12
-6
-18
9
-10
-26
-8
-12
-14
12
-16
0
14
18
-18
-10
-2
-17
-24
-28
8
-19
10
48
-10
21
25
51
-24
-13
5
18
-1
-10
14
11
7
-3
-14
1
-46
-21
-42
-9
5
-19
-38
24
28
-12
-44
-1
20
46
63
-22
-63
-17
11
2
-52
-22
-8
-38
-27
-26
21
11
-12
-11
7
-24
-7
-22
-44
46
-12
-33
17
-27
-46
16
9
29
-9
-5
0
-6
11
-14
-20
3
-9
-6
6
5
-30
-6
13
-33
8
23
15
31
28
30
-71
-24
43
-5
11
14
-9
22
36
2
-43
-35
18
-30
-20
3
6
-25
37
-42
-19
28
-27
-20
6
13
-60
6
-27
-7
49
-19
10
-2
21
16
34
-23
7
-22
0
14
3
-36
-11
14
15
-7
-2
-3
36
40
-11
38
38
43
-4
22
3
19
2
-6
18
-32
30
-5
17
-33
-24
16
-41
10
28
4
-20
16
-8
8
1
7
-7
-16
28
39
-17
4
9
20
-10
-33
28
-23
-12
24
-10
13
-41
-9
-11
-18
-15
10
-6
-2
17
2
11
-6
10
-3
-33
-3
10
3
-7
9
45
-6
-29
24
-6
0
3
22
-5
9
-11
-41
0
-41
-7
27
-50
58
-16
-48
20
23
-29
25
-2
30
16
-9
21
-4
-9
-10
-28
-16
-30
16
9
-7
44
6
-7
16
6
-35
32
-44
45
0
9
37
0
-6
35
17
-11
-52
37
-21
54
-7
0
37
11
-36
-9
-29
3
-9
-2
-19
5
-45
-32
-8
5
-44
-46
20
-41
-24
10
7
25
50
-40
12
-35
46
-8
17
-24
-11
-11
-12
-13
-11
-24
-35
-22
-49
21
32
20
33
-30
53
3
30
-6
-5
-3
-5
27
-17
-44
5
28
0
17
-52
-10
6
55
30
-15
14
-4
-5
-18
20
-23
-4
16
-23
21
-17
12
2
21
24
45
25
16
-1
18
1
17
-10
24
-9
41
-20
29
23
-16
-18
-23
-39
-1
38
1
-30
-22
-6
23
-13
19
6
-5
-23
46
11
16
-1
-18
-21
19
-29
-23
-14
-26
-52
27
-9
-53
-3
12
-42
15
-33
6
1
7
43
-26
3
-13
-8
-38
0
-4
14
-5
30
12
-25
-18
25
4
-4
-44
-17
8
33
4
-3
46
19
-18
-11
27
13
-37
42
-23
14
-49
2
-2
41
-2
-35
30
47
-6
-44
24
1
-39
40
3
5
-37
-25
9
31
25
-12
44
-18
10
4
9
-18
3
-14
-8
-28
19
-53
1
16
-21
-2
15
6
41
-10
11
-6
24
-30
-57
27
-12
9
-19
-20
-8
-8
36
2
-10
25
29
13
-2
-44
-9
10
-40
-33
-4
-17
-50
2
18
-14
2
-2
-57
-25
-28
-42
-38
29
20
37
7
11
-19
1
-18
5
-11
-45
37
-2
-37
2
-35
-68
-8
27
1
-34
14
-10
-37
41
-10
20
-24
11
-13
-48
-6
54
-42
-36
54
-23
28
-24
8
24
9
13
21
25
-15
-10
6
-23
-22
-42
29
8
-11
-4
14
11
18
-33
-34
-14
26
-7
-24
19
31
25
27
33
-3
-2
11
36
16
6
15
8
7
-4
-50
-29
-4
-1
10
0
-32
22
9
12
-6
1
18
17
-14
-45
3
28
-8
-10
-42
-63
-4
36
3
-39
31
-27
-18
8
38
-9
14
19
-13
-39
22
-5
10
-16
3
-11
-38
-16
-19
-7
13
-9
-2
-21
5
24
-19
13
26
-6
-36
11
-41
-14
-13
6
-36
4
15
-37
-29
21
-2
14
-45
-6
28
18
6
52
43
-50
-3
19
-20
5
-2
-31
-10
5
-13
-22
-22
-85
7
26
28
27
-2
-27
45
-55
13
7
-17
-8
4
19
-33
-6
-20
-23
-4
13
-8
-37
58
-7
-13
-4
-1
49
-16
60
8
9
2
-11
21
37
0
4
-19
20
16
-54
18
-23
-1
-48
-16
-2
6
-41
-17
23
-39
20
17
38
-26
-44
10
8
48
20
32
68
24
15
-13
-31
-9
56
-5
-26
-36
-32
-11
31
-13
3
43
17
41
17
-13
12
-24
32
-33
-11
-5
-21
0
10
-18
28
-24
-10
-17
-44
21
-1
-22
-18
22
-5
-5
-22
-1
-1
-24
-24
34
29
-8
-18
-26
12
-26
-1
-17
4
-27
5
36
-1
-31
35
-8
-23
-22
-21
-14
-2
13
-9
21
-44
31
-36
-7
-32
-8
-5
17
10
26
48
-3
-20
-32
-8
12
7
-25
0
49
0
3
-7
6
-41
1
-30
15
20
-12
-8
-17
16
7
-31
1
-16
31
-5
-8
-7
26
-17
-20
26
6
11
-17
-2
19
53
1
-17
13
-5
-8
-11
3
39
2
24
21
1
-23
-24
11
0
21
-17
-20
11
-18
-45
-25
22
5
2
22
-20
-1
17
18
10
-10
0
9
-13
-30
-9
-17
-35
-35
15
7
-9
42
76
2
8
55
-6
13
6
-41
-12
29
4
68
-12
16
10
7
52
34
26
24
-15
0
11
-14
-7
-62
9
17
-5
-15
-28
-20
-9
7
-5
-22
-28
-48
31
-19
25
45
-36
-12
35
-25
23
25
-8
-7
-17
17
5
13
-1
29
12
50
-37
14
-5
3
2
-11
-8
-39
15
-20
-18
5
-16
9
-21
3
21
-29
-10
-6
-26
10
4
16
-2
-14
-6
-6
12
-18
-13
-22
-20
-30
45
-14
-8
-8
5
0
-34
9
45
-13
-16
57
-27
9
-3
-41
-44
-2
27
5
7
9
11
-34
-15
-39
23
-24
-1
36
17
-27
-2
30
8
-25
-48
23
53
6
36
-31
12
-29
-3
52
-29
35
-1
-48
29
-8
-18
65
-11
21
-10
30
31
-21
5
-11
-15
-15
-20
24
-19
-22
21
-53
-4
27
-17
9
-11
0
6
37
-19
36
-22
-13
-31
-22
-19
4
-39
20
27
-23
-6
18
23
14
15
-12
56
7
9
1
0
12
18
20
50
14
28
-17
28
12
-10
-39
-2
-7
-15
-18
-11
12
-1
0
-28
-5
-59
-3
-21
4
-5
-58
-24
52
-19
-14
8
-44
-9
8
77
33
43
0
6
18
-22
-4
5
17
-4
-2
-16
4
-48
-16
2
13
-46
-20
18
-29
-37
-6
36
1
-20
25
32
-7
-30
6
49
-38
-21
53
-25
45
5
-2
8
-40
30
-14
28
-24
3
-5
11
-21
24
36
4
-60
-52
26
-13
-9
9
-33
-19
-36
-24
-24
5
-17
-18
-37
-6
-6
39
-60
-53
-19
-16
-45
-20
16
-23
1
-1
-30
-3
4
20
10
-21
-15
39
15
-9
-34
98
-38
10
-35
31
-1
-12
-2
0
29
14
-46
-16
58
79
-1
10
-11
-26
-4
6
4
-3
-7
13
16
27
-28
10
-17
12
-22
15
19
8
-37
-7
23
-47
19
71
25
8
4
-23
-27
36
-65
27
16
11
-9
-5
58
-4
5
33
-60
-46
29
27
-27
27
-7
21
-5
18
-20
44
37
-3
-3
-28
5
-18
31
-25
-36
-20
-1
33
-11
-16
-6
-17
-22
-8
29
-23
32
-35
24
28
6
2
-38
6
-33
23
37
13
-17
-23
-2
30
2
-24
39
-15
57
44
48
8
10
0
7
-9
30
4
-70
-36
-21
0
5
17
55
71
63
80
53
27
54
1
-36
-49
-65
-57
-94
-44
-41
-41
-18
18
16
17
-6
19
4
-8
-13
18
14
45
0
2
-14
2
-23
-18
-38
-8
26
-29
5
-13
27
25
-72
-13
30
-14
-4
-38
-32
9
-10
-26
19
-4
0
13
39
-40
-18
-9
0
29
22
7
1
13
-14
2
-45
49
22
15
-10
27
26
14
-11
-8
10
-31
24
5
-39
-27
30
30
20
-32
15
11
34
2
-7
15
6
-11
9
-10
47
5
-26
12
22
8
19
-13
-19
-4
-20
5
0
40
-40
-2
10
30
-33
2
17
37
-20
19
-13
-4
15
8
32
-18
20
-46
24
-16
-29
-5
-19
-7
-14
-19
-51
46
-22
9
-41
-18
22
15
-11
0
-30
-43
22
-7
15
5
-45
25
39
-5
9
59
-14
-11
4
10
-64
-31
7
10
5
-3
33
-23
24
-1
-43
-11
-12
-15
-18
-15
-7
27
28
-2
-11
-24
0
-11
23
29
-11
-27
16
16
-6
25
-50
3
55
5
27
-44
-17
17
20
15
4
30
16
46
-15
-9
11
19
-27
4
37
-21
-47
46
-13
24
44
-8
13
-8
-3
-45
-10
-9
-26
-29
-48
43
1
0
28
-33
14
-2
2
22
28
-52
33
18
-22
5
-2
-23
2
-46
49
-8
-16
1
-8
24
-20
1
-32
-35
-27
-40
-31
7
11
7
-10
-20
-7
-5
-16
9
9
-25
46
-12
8
15
-8
12
13
-10
0
5
20
-31
-26
-7
6
20
-7
16
-7
-28
0
3
-5
-39
-1
-3
3
8
17
-9
3
-26
-14
24
-29
-26
49
26
-7
-1
-17
-14
30
1
-19
4
-12
-29
-22
-15
-21
39
-2
5
-5
-12
19
19
12
-35
13
-33
15
-34
16
16
15
44
18
-23
-9
-23
-38
-7
31
-4
4
37
10
27
15
0
30
-12
-10
-29
18
-63
-22
9
-39
35
16
-23
-47
-15
-2
20
-12
34
-2
9
-45
-9
1
-20
-4
-5
-24
18
11
6
-16
31
1
-40
27
16
-26
0
9
33
22
1
10
0
-20
5
27
32
21
11
-31
1
-60
5
-48
-21
14
8
2
-6
-24
-34
17
25
34
-12
-31
12
-16
-12
-26
24
-13
41
43
-16
1
-30
-28
-70
0
-12
-5
-13
-31
19
24
5
4
4
33
24
19
-10
-23
-13
-25
-7
-6
-20
-31
8
-34
7
-16
-18
-6
-36
9
43
-34
10
16
4
-10
-4
-11
45
16
-36
27
55
-33
13
-21
9
22
56
-2
-53
13
-14
-10
-4
6
1
9
21
-12
-19
34
20
-5
-16
18
-47
45
-9
-50
-36
39
5
52
9
8
2
-24
3
-49
32
-2
-16
58
-41
42
-16
-34
-44
16
46
6
-38
24
-3
-21
3
3
-12
-40
18
-14
-37
26
14
34
34
-15
-36
-30
0
7
-6
-10
21
2
12
2
-9
-3
-12
11
-14
-37
-2
6
-74
17
-5
26
23
0
-21
-46
-39
-24
-14
-44
32
30
13
-32
2
-21
32
-10
8
15
-9
13
6
22
-19
8
-8
21
-3
-13
54
-39
-33
88
21
-29
10
-36
6
2
-4
-14
-12
-7
9
-9
17
-30
15
-14
-8
-29
-20
11
-1
-20
5
-11
25
-9
0
-5
-2
28
6
-1
8
-32
11
-15
15
50
-5
6
18
17
-16
-45
27
-10
24
7
23
-9
-21
16
14
8
-20
2
-13
21
22
-3
18
0
14
59
2
-46
-10
46
-20
-17
-44
-13
-27
-23
32
-1
-24
9
0
-21
-21
-22
6
30
50
-22
8
-11
23
-8
50
38
-6
-4
-41
45
-4
28
-24
-28
-28
-39
4
23
-5
-6
-22
27
9
-7
3
8
5
4
13
-13
14
-14
9
11
-47
-18
3
-46
19
-1
5
-33
28
-35
13
20
1
8
1
12
41
12
-24
-10
-40
41
-8
-6
31
14
-24
-11
12
15
35
4
0
36
18
14
27
22
-38
-2
4
-11
19
8
-37
-3
-6
-11
17
27
4
-9
35
-31
4
26
-17
15
1
-39
-5
-72
21
-1
-2
27
50
52
-7
-1
18
-7
-14
14
2
8
-49
18
23
35
30
-10
-26
-2
-15
-7
-49
3
-13
64
1
-12
-15
34
-50
8
-18
-13
53
23
-38
46
-25
3
-66
8
-6
33
54
-5
45
-36
-5
7
-3
-19
-10
-18
17
8
-21
26
20
-27
25
-3
-1
-12
-22
-26
14
7
-4
-17
-4
15
7
4
-27
20
14
-13
-8
36
9
-49
-10
35
52
4
39
-10
-4
3
17
-3
10
41
81
-14
-17
-21
30
30
-8
-37
-8
-39
17
27
-42
30
-16
12
40
-20
13
-9
-20
-36
25
13
-8
-48
2
39
3
-22
-26
-11
7
-1
-37
-25
46
-17
-37
9
21
23
-14
-27
16
41
-7
-1
3
24
-18
-3
-44
17
29
7
49
-40
-24
-19
31
-16
18
16
43
-41
-30
-8
14
13
9
12
-30
-18
-31
33
10
19
-6
6
6
-36
-19
10
-42
7
6
18
-10
-23
-24
31
-13
-12
-25
14
43
48
14
29
38
11
-4
15
21
-20
-31
7
-1
45
11
31
13
-36
-24
-18
13
-29
38
-54
3
-3
5
11
-17
-20
17
14
55
10
16
10
-10
12
37
-19
21
29
75
-36
16
-15
-13
-14
41
10
18
-27
-15
16
-5
11
-14
21
-26
-18
16
-69
-10
14
5
5
36
-43
-11
-48
26
0
7
46
-32
-21
13
-51
41
-13
-7
-7
-1
-11
4
37
-19
44
14
-2
6
7
-29
-29
18
-19
-6
1
-3
-10
15
-6
24
-45
14
-14
24
-26
20
-20
-22
10
-22
-26
-18
9
-7
33
6
-35
-34
-57
1
-13
-19
27
20
-17
-30
-48
35
19
-10
0
-23
-5
-5
30
15
-3
-47
41
11
3
29
22
-32
25
3
13
-12
27
2
50
-23
5
-25
-4
-29
-11
15
-25
-1
1
25
8
-13
1
2
-5
38
-23
-16
27
-11
25
26
-8
-24
-53
-3
-6
-16
-7
18
9
-9
44
25
-18
16
36
10
-51
7
6
30
34
8
-5
-50
9
46
-31
44
-6
-65
-6
-10
-8
9
33
-46
-21
7
-4
5
-6
-5
0
3
19
-33
8
8
-18
-10
-22
-25
-26
-3
5
3
2
14
37
48
3
-25
15
-18
18
28
-3
-24
-8
-36
-19
29
-28
57
17
32
-4
5
-6
-3
32
56
14
-44
12
4
36
-4
1
-1
20
18
-18
9
22
15
26
-37
0
45
-12
15
3
-6
7
-17
12
-3
19
7
27
33
29
24
2
11
-25
-20
13
-17
46
2
-13
-14
47
60
16
36
-19
12
18
3
30
-2
16
16
-49
11
44
15
53
-27
-37
-23
-28
-3
49
58
-11
-56
3
-24
4
-13
3
-3
-32
-22
-29
-16
15
4
26
2
10
-7
29
36
19
-35
33
5
-4
0
35
-19
40
-3
20
40
28
-38
57
-10
19
26
1
-32
-1
-6
-26
15
-21
5
26
32
20
2
-9
-50
3
26
-14
-14
-7
-11
19
-24
-9
12
-13
25
-17
-68
-21
9
-18
-50
5
-1
-38
33
-39
-65
-19
25
-31
23
11
59
-26
8
-20
-31
16
11
8
27
-9
32
-27
6
61
6
-27
16
2
-16
-17
-32
-23
-17
13
17
21
20
-28
-24
15
11
-13
-19
-14
-10
-15
15
10
26
1
-29
-2
2
-29
1
68
-7
-15
-46
-45
-25
1
-45
6
19
-30
-14
-12
59
23
1
-37
-7
-12
-5
3
-10
0
-33
1
-33
-14
42
25
-7
-12
49
-26
25
21
-27
-9
-21
0
19
1
14
-42
-10
-13
-24
-58
4
20
-14
30
-9
-17
7
-10
2
25
-24
19
17
-8
15
65
2
-26
15
-25
17
-7
-5
16
2
-8
-10
51
-19
-7
-4
-17
-27
57
-16
33
-37
16
20
7
7
-58
24
28
-15
24
-10
-37
6
-17
38
1
28
-27
-33
10
45
25
-22
-10
29
5
4
1
9
-18
-25
-14
7
-42
48
3
-1
-24
-39
21
5
-15
1
21
-28
21
-60
-14
8
-3
-40
10
-6
5
25
32
-16
-40
-15
-4
-9
-32
37
-2
14
-64
-18
-17
1
-12
2
-23
3
-55
6
33
22
1
3
9
33
38
23
16
27
-17
10
-55
10
-19
20
-37
-8
20
5
-5
-18
-10
7
-33
-6
23
-7
-7
15
7
-17
65
8
-3
2
-11
-35
67
0
-10
23
-19
-13
-51
3
-5
29
9
-28
48
-19
16
23
-37
-7
-5
28
22
-26
-13
-25
-10
-2
27
3
8
42
2
-17
-42
7
44
-45
-7
68
-57
36
-22
34
11
12
-2
20
-35
2
-29
-83
-31
10
-1
28
-3
2
29
-8
23
7
35
11
-9
-24
9
53
17
20
0
-5
-1
5
14
7
-18
-3
-17
19
14
21
-13
53
-43
3
32
27
-3
-15
-27
31
17
-5
30
17
39
4
-21
-19
-16
8
0
-65
-34
2
-54
39
-14
-16
11
-39
-1
-8
6
-10
-34
4
-26
19
-18
31
-30
24
-25
-5
9
27
-24
9
6
-55
-4
-5
0
21
-5
-13
-12
3
-21
-11
40
-13
39
28
-4
17
-22
-63
25
11
1
22
-13
-32
5
2
-4
14
-3
-22
25
0
-10
13
-5
11
17
56
-45
-15
4
18
-61
2
10
-26
-15
4
0
19
8
49
-1
-5
2
-26
5
-23
12
-2
15
10
4
38
6
-1
-32
-3
14
15
-4
-35
20
-18
32
-41
-37
14
-5
10
33
-5
14
-3
6
-1
-4
50
4
11
9
-47
26
8
30
-15
-37
12
12
-55
24
-4
32
4
24
7
-31
11
33
-24
-38
-14
-38
-5
11
24
-37
-14
-10
4
-11
-19
-4
12
3
-28
-21
-12
18
-17
-8
1
-29
22
26
27
25
-31
17
-16
-7
21
-23
-34
-47
-15
7
-5
19
11
24
-26
-39
-8
21
7
-20
-1
-16
-32
21
-3
47
17
23
-2
9
3
-37
-25
-2
14
16
-22
-41
9
-18
-4
-19
-18
-36
11
34
-40
29
0
-19
-15
-54
6
-15
-19
57
-30
-1
-29
-39
-26
8
-1
37
3
-3
-22
-44
-41
-2
-25
35
56
19
28
13
14
14
12
-2
16
15
6
-8
16
-33
-27
-19
11
-37
32
-8
14
11
-2
53
-34
-51
-39
2
-20
20
33
11
4
13
-14
-39
-27
25
13
37
14
-1
-61
-21
1
5
5
-17
-17
-54
-5
-7
-13
-10
17
-21
-20
-10
-33
1
10
-48
-15
-38
27
31
21
39
13
-4
-21
-35
-16
-20
56
-55
-36
7
-29
34
2
-5
-5
25
2
-24
-7
-23
0
26
-17
0
16
-3
2
-83
-24
-30
-11
-15
-76
29
9
20
16
22
-1
-5
-14
-20
-13
18
-20
-17
-24
40
37
5
26
-18
17
27
18
-45
-19
7
22
0
-8
1
-4
30
-1
47
1
-22
-30
-39
0
43
-66
2
-5
-76
-30
-1
16
24
-25
-5
-7
-11
-23
-55
23
-9
-25
-54
-43
-25
6
20
-34
15
1
42
-3
3
-15
-30
52
30
34
12
44
47
8
-7
9
1
2
25
16
4
13
1
5
8
-8
36
-2
-10
50
-9
-25
-9
27
13
-24
-6
20
24
32
-4
-17
7
-19
51
-24
20
38
19
-12
-17
14
4
5
-12
-10
20
16
-30
3
-11
38
31
-10
23
-1
22
38
8
20
30
-39
-1
-6
1
18
-1
21
-9
-54
4
5
-33
-1
38
-56
4
-40
-25
21
5
-31
-9
10
-6
-29
50
17
-15
32
-4
-13
14
-30
56
-54
9
45
2
13
-4
-12
-23
22
-8
15
25
-19
-15
18
7
-39
-16
-13
-15
30
-15
-20
-8
36
12
-53
-6
-26
-9
-19
-27
-31
23
-31
15
-24
34
-1
-4
-27
50
-11
-17
-13
-5
2
-2
-25
26
9
41
3
-12
-8
13
17
21
-23
5
-32
-20
-1
-12
16
16
-16
-39
-6
22
-28
17
17
0
23
43
-13
-1
-67
-23
-3
-27
-14
4
4
-24
-30
-18
29
-4
-15
14
47
26
23
3
-33
-30
-26
36
46
12
4
4
-9
60
-5
-10
17
-24
-35
-20
40
4
7
-22
54
-6
4
36
-3
-10
11
42
7
-29
30
-22
-51
-6
21
11
-7
-3
15
-19
-16
38
4
-3
10
-7
-19
-28
-16
-38
14
10
-29
-9
21
-69
2
50
-49
-5
-23
-14
-6
4
-21
-24
31
43
12
19
-60
23
-4
-22
-16
30
-7
42
-47
53
-4
-29
-47
23
24
9
-16
57
17
31
2
22
36
19
9
-17
4
-24
-6
-28
-27
15
-30
17
-5
-1
-7
-19
-6
-32
7
19
-17
-18
5
-58
4
-33
47
-14
-4
22
11
18
18
15
38
34
3
-8
-35
-2
-3
-2
51
4
17
16
-30
-39
-34
-5
11
-14
33
-21
-33
-10
10
-28
-19
-2
1
-7
8
36
3
-24
-55
-19
-43
-25
-58
-3
28
25
-19
-7
-17
-9
-19
10
2
-44
-43
1
-21
-7
-39
42
41
28
-18
-6
-18
19
-23
-29
36
44
0
40
35
5
25
7
-20
22
23
13
5
7
-6
15
11
47
67
51
-16
-56
-35
8
-34
8
-5
-21
-24
-22
1
35
-6
-21
-5
55
6
-10
-2
12
-56
6
28
11
14
-25
-38
48
-5
36
11
24
18
6
42
3
5
28
18
30
34
-51
35
-33
-9
36
6
0
-33
10
-12
44
-16
40
5
-31
-56
20
-4
-27
-31
-10
0
-7
12
-26
24
-14
1
3
15
-21
9
-37
-4
-10
-37
5
-17
58
-14
-20
27
-11
-1
16
12
38
-11
8
15
5
-6
-29
-25
-28
29
24
0
-3
18
9
29
-27
16
15
40
-41
30
-24
-22
-71
-7
11
-45
-15
-10
15
-1
-24
-4
22
-44
22
-6
-15
-26
-6
-25
-38
-14
27
-2
48
24
-30
9
-13
5
-37
-38
-13
-16
-3
-12
-3
-14
33
-30
-5
-15
-16
-26
23
-29
5
-11
-20
-32
22
-24
24
-20
36
57
-19
18
-28
22
-30
-20
17
29
-64
-6
4
19
24
-21
28
51
16
-10
-10
2
-3
-5
-33
-54
-16
8
-15
-13
19
15
-21
-15
-17
26
-5
6
-44
-2
-40
-9
-41
-11
-46
-28
-10
-16
43
0
-7
7
-5
-24
-12
39
53
-1
36
39
-2
3
-21
-7
-43
-43
1
15
-7
25
-36
35
34
2
34
-6
18
0
-6
31
-40
20
2
-25
-4
-1
11
6
-18
-13
17
-28
-30
0
-9
14
-36
-19
56
-29
-7
-31
2
17
-7
-16
17
12
-41
17
30
-26
32
-42
-56
9
-34
7
-5
-32
-7
0
-21
-17
23
58
10
-32
7
14
-7
5
13
-6
7
3
25
-34
-21
43
-30
-38
45
0
15
-7
4
-39
-34
6
-28
8
-1
10
-5
-58
-1
29
-22
21
-20
-27
-12
-7
19
-19
-55
-36
-14
28
-12
11
-15
4
-1
-38
24
33
-6
-18
1
9
-11
3
-12
-1
-27
24
-29
22
9
-1
-3
41
8
26
-2
-3
-1
61
19
-22
-7
-3
-22
3
3
-11
-46
-3
-20
40
-10
-32
-24
-47
20
-6
-7
-16
-30
3
19
28
4
26
-13
22
2
-40
-17
-5
-43
19
35
50
-25
1
-31
-17
49
1
-15
18
34
20
61
-26
-67
18
22
27
-61
11
23
2
2
-15
34
-1
5
-28
-40
6
-28
34
-41
-19
-5
-3
26
-9
8
42
39
-28
6
25
-24
15
-10
-17
16
-15
-33
-56
-42
-2
12
26
-14
15
-1
26
0
33
1
-15
21
23
-25
21
-8
35
15
3
-21
-28
1
-6
-45
-12
27
-19
-10
4
6
-23
7
6
-12
-9
-2
21
10
9
39
-27
-38
-8
14
-56
29
-2
64
-4
19
-4
-9
-44
-27
1
-31
-24
14
0
-4
0
-20
22
-59
4
33
-16
-4
34
3
-9
22
13
10
-44
-26
-22
2
-31
-44
-29
-3
-15
1
19
-19
-3
-22
3
53
-20
-18
-35
-9
-31
-16
-6
22
-15
38
40
37
-8
14
39
3
-18
-5
-4
5
28
-5
13
12
-1
31
-19
-7
1
12
13
3
-3
-15
-11
34
9
35
29
17
16
7
-2
36
12
47
-45
2
-3
-9
8
-27
-1
31
52
-28
46
3
16
-12
7
12
28
39
-17
-4
9
2
1
2
-38
-12
-3
-22
14
-27
-44
19
16
-4
38
28
-4
-10
-6
-29
-37
14
32
-24
-35
40
12
-14
-97
-7
8
0
2
43
-41
-10
12
12
31
-35
-31
-10
55
4
9
44
-19
40
-21
-47
-5
-24
-6
25
18
0
-5
45
20
-10
-35
-6
-5
2
-10
-21
-23
18
-35
44
18
6
-1
-43
-14
44
-13
-15
25
-24
-5
-13
38
32
28
-15
3
-15
6
-6
-33
4
7
-6
32
-1
20
12
0
25
39
-24
-12
-23
-22
-3
-21
-19
20
-24
52
-2
-16
-66
4
-25
0
-29
-8
5
50
13
-4
-17
-7
23
-5
-28
-31
8
-5
-8
-7
-19
6
-23
-17
-4
21
-9
-35
9
-4
-28
26
-6
37
-3
1
-13
-71
-5
-16
23
17
-36
-11
-30
-29
-11
4
7
-24
-24
-5
-6
34
-39
18
33
-19
19
-7
-66
37
9
52
-16
-6
5
7
-21
3
35
-13
-16
14
1
-24
50
41
-15
-54
20
3
14
-1
-21
-26
-11
11
15
4
9
-5
-13
12
-37
-10
-20
5
-26
-3
-33
-5
-11
6
-35
-9
6
